const elems = document.body.getElementsByTagName("figcaption");
for (let i = 0; i < elems.length; i++) {
	const element = elems[i];
	element.innerHTML = `<strong>Fig ${i + 1}. </strong>` + element.innerHTML;
}
let notes = false;
const config = {
	history: true,
	katex: {
		version: "latest",
		delimiters: [
			{ left: "$$", right: "$$", display: true },
			{ left: "$", right: "$", display: false },
			{ left: "\\(", right: "\\)", display: false },
			{ left: "\\[", right: "\\]", display: true },
		],
		ignoredTags: ["script", "noscript", "style", "textarea", "pre"],
	},
	// showNotes: true,
	slideNumber: "c/t",
	transition: "fade",
	preloadIframes: true,
	showNotes: notes,
	viewDistance: 5,
	touch: false,
	navigationMode: "linear",
	totalTime: 15 * 60,
	plugins: [RevealMath.KaTeX, RevealNotes, RevealZoom],
};
Reveal.initialize(config);
// Reveal.configure({ pdfMaxPagesPerSlide: 1, showNotes: true });

const plots_config = { responsive: true, displayModeBar: false };
const plots_layout = {
	margin: { autoexpand: false, b: 0, l: 0, pad: 0, r: 0, t: 0 },
};

const atenu1_div = [...document.querySelectorAll("[id=atenuacion1]")];
const atenu2_div = [...document.querySelectorAll("[id=atenuacion2]")];
const atenu3_div = [...document.querySelectorAll("[id=atenuacion3]")];

const atenu2d = [...document.querySelectorAll("[id=grafica-atenuacion-2d]")];

const resultados_1 = [...document.querySelectorAll("[id=grafica_res_1]")];
const resultados_2 = [...document.querySelectorAll("[id=grafica_res_2]")];
const resultados_3 = [...document.querySelectorAll("[id=grafica_res_3]")];

const cmap = [
	["0.0", "#f3f3f3)"],
	["1.0", "#dc2c41"],
];

const data_atenua_1 = {
	type: "mesh3d",
	colorscale: cmap,
	x: [
		-5.0, -4.5, -4.0, -3.5, -3.0, -2.5, -2.0, -1.5, -1.0, -0.5, 0.0, 0.5,
		1.0, 1.5, 2.0, 2.5, 3.0, 3.5, 4.0, 4.5, 5.0, -5.0, -4.5, -4.0, -3.5,
		-3.0, -2.5, -2.0, -1.5, -1.0, -0.5, 0.0, 0.5, 1.0, 1.5, 2.0, 2.5, 3.0,
		3.5, 4.0, 4.5, 5.0, -5.0, -4.5, -4.0, -3.5, -3.0, -2.5, -2.0, -1.5,
		-1.0, -0.5, 0.0, 0.5, 1.0, 1.5, 2.0, 2.5, 3.0, 3.5, 4.0, 4.5, 5.0, -5.0,
		-4.5, -4.0, -3.5, -3.0, -2.5, -2.0, -1.5, -1.0, -0.5, 0.0, 0.5, 1.0,
		1.5, 2.0, 2.5, 3.0, 3.5, 4.0, 4.5, 5.0, -5.0, -4.5, -4.0, -3.5, -3.0,
		-2.5, -2.0, -1.5, -1.0, -0.5, 0.0, 0.5, 1.0, 1.5, 2.0, 2.5, 3.0, 3.5,
		4.0, 4.5, 5.0, -5.0, -4.5, -4.0, -3.5, -3.0, -2.5, -2.0, -1.5, -1.0,
		-0.5, 0.0, 0.5, 1.0, 1.5, 2.0, 2.5, 3.0, 3.5, 4.0, 4.5, 5.0, -5.0, -4.5,
		-4.0, -3.5, -3.0, -2.5, -2.0, -1.5, -1.0, -0.5, 0.0, 0.5, 1.0, 1.5, 2.0,
		2.5, 3.0, 3.5, 4.0, 4.5, 5.0, -5.0, -4.5, -4.0, -3.5, -3.0, -2.5, -2.0,
		-1.5, -1.0, -0.5, 0.0, 0.5, 1.0, 1.5, 2.0, 2.5, 3.0, 3.5, 4.0, 4.5, 5.0,
		-5.0, -4.5, -4.0, -3.5, -3.0, -2.5, -2.0, -1.5, -1.0, -0.5, 0.0, 0.5,
		1.0, 1.5, 2.0, 2.5, 3.0, 3.5, 4.0, 4.5, 5.0, -5.0, -4.5, -4.0, -3.5,
		-3.0, -2.5, -2.0, -1.5, -1.0, -0.5, 0.0, 0.5, 1.0, 1.5, 2.0, 2.5, 3.0,
		3.5, 4.0, 4.5, 5.0, -5.0, -4.5, -4.0, -3.5, -3.0, -2.5, -2.0, -1.5,
		-1.0, -0.5, 0.0, 0.5, 1.0, 1.5, 2.0, 2.5, 3.0, 3.5, 4.0, 4.5, 5.0, -5.0,
		-4.5, -4.0, -3.5, -3.0, -2.5, -2.0, -1.5, -1.0, -0.5, 0.0, 0.5, 1.0,
		1.5, 2.0, 2.5, 3.0, 3.5, 4.0, 4.5, 5.0, -5.0, -4.5, -4.0, -3.5, -3.0,
		-2.5, -2.0, -1.5, -1.0, -0.5, 0.0, 0.5, 1.0, 1.5, 2.0, 2.5, 3.0, 3.5,
		4.0, 4.5, 5.0, -5.0, -4.5, -4.0, -3.5, -3.0, -2.5, -2.0, -1.5, -1.0,
		-0.5, 0.0, 0.5, 1.0, 1.5, 2.0, 2.5, 3.0, 3.5, 4.0, 4.5, 5.0, -5.0, -4.5,
		-4.0, -3.5, -3.0, -2.5, -2.0, -1.5, -1.0, -0.5, 0.0, 0.5, 1.0, 1.5, 2.0,
		2.5, 3.0, 3.5, 4.0, 4.5, 5.0, -5.0, -4.5, -4.0, -3.5, -3.0, -2.5, -2.0,
		-1.5, -1.0, -0.5, 0.0, 0.5, 1.0, 1.5, 2.0, 2.5, 3.0, 3.5, 4.0, 4.5, 5.0,
		-5.0, -4.5, -4.0, -3.5, -3.0, -2.5, -2.0, -1.5, -1.0, -0.5, 0.0, 0.5,
		1.0, 1.5, 2.0, 2.5, 3.0, 3.5, 4.0, 4.5, 5.0, -5.0, -4.5, -4.0, -3.5,
		-3.0, -2.5, -2.0, -1.5, -1.0, -0.5, 0.0, 0.5, 1.0, 1.5, 2.0, 2.5, 3.0,
		3.5, 4.0, 4.5, 5.0, -5.0, -4.5, -4.0, -3.5, -3.0, -2.5, -2.0, -1.5,
		-1.0, -0.5, 0.0, 0.5, 1.0, 1.5, 2.0, 2.5, 3.0, 3.5, 4.0, 4.5, 5.0, -5.0,
		-4.5, -4.0, -3.5, -3.0, -2.5, -2.0, -1.5, -1.0, -0.5, 0.0, 0.5, 1.0,
		1.5, 2.0, 2.5, 3.0, 3.5, 4.0, 4.5, 5.0, -5.0, -4.5, -4.0, -3.5, -3.0,
		-2.5, -2.0, -1.5, -1.0, -0.5, 0.0, 0.5, 1.0, 1.5, 2.0, 2.5, 3.0, 3.5,
		4.0, 4.5, 5.0,
	],
	y: [
		-5.0, -5.0, -5.0, -5.0, -5.0, -5.0, -5.0, -5.0, -5.0, -5.0, -5.0, -5.0,
		-5.0, -5.0, -5.0, -5.0, -5.0, -5.0, -5.0, -5.0, -5.0, -4.5, -4.5, -4.5,
		-4.5, -4.5, -4.5, -4.5, -4.5, -4.5, -4.5, -4.5, -4.5, -4.5, -4.5, -4.5,
		-4.5, -4.5, -4.5, -4.5, -4.5, -4.5, -4.0, -4.0, -4.0, -4.0, -4.0, -4.0,
		-4.0, -4.0, -4.0, -4.0, -4.0, -4.0, -4.0, -4.0, -4.0, -4.0, -4.0, -4.0,
		-4.0, -4.0, -4.0, -3.5, -3.5, -3.5, -3.5, -3.5, -3.5, -3.5, -3.5, -3.5,
		-3.5, -3.5, -3.5, -3.5, -3.5, -3.5, -3.5, -3.5, -3.5, -3.5, -3.5, -3.5,
		-3.0, -3.0, -3.0, -3.0, -3.0, -3.0, -3.0, -3.0, -3.0, -3.0, -3.0, -3.0,
		-3.0, -3.0, -3.0, -3.0, -3.0, -3.0, -3.0, -3.0, -3.0, -2.5, -2.5, -2.5,
		-2.5, -2.5, -2.5, -2.5, -2.5, -2.5, -2.5, -2.5, -2.5, -2.5, -2.5, -2.5,
		-2.5, -2.5, -2.5, -2.5, -2.5, -2.5, -2.0, -2.0, -2.0, -2.0, -2.0, -2.0,
		-2.0, -2.0, -2.0, -2.0, -2.0, -2.0, -2.0, -2.0, -2.0, -2.0, -2.0, -2.0,
		-2.0, -2.0, -2.0, -1.5, -1.5, -1.5, -1.5, -1.5, -1.5, -1.5, -1.5, -1.5,
		-1.5, -1.5, -1.5, -1.5, -1.5, -1.5, -1.5, -1.5, -1.5, -1.5, -1.5, -1.5,
		-1.0, -1.0, -1.0, -1.0, -1.0, -1.0, -1.0, -1.0, -1.0, -1.0, -1.0, -1.0,
		-1.0, -1.0, -1.0, -1.0, -1.0, -1.0, -1.0, -1.0, -1.0, -0.5, -0.5, -0.5,
		-0.5, -0.5, -0.5, -0.5, -0.5, -0.5, -0.5, -0.5, -0.5, -0.5, -0.5, -0.5,
		-0.5, -0.5, -0.5, -0.5, -0.5, -0.5, 0.0, 0.0, 0.0, 0.0, 0.0, 0.0, 0.0,
		0.0, 0.0, 0.0, 0.0, 0.0, 0.0, 0.0, 0.0, 0.0, 0.0, 0.0, 0.0, 0.0, 0.0,
		0.5, 0.5, 0.5, 0.5, 0.5, 0.5, 0.5, 0.5, 0.5, 0.5, 0.5, 0.5, 0.5, 0.5,
		0.5, 0.5, 0.5, 0.5, 0.5, 0.5, 0.5, 1.0, 1.0, 1.0, 1.0, 1.0, 1.0, 1.0,
		1.0, 1.0, 1.0, 1.0, 1.0, 1.0, 1.0, 1.0, 1.0, 1.0, 1.0, 1.0, 1.0, 1.0,
		1.5, 1.5, 1.5, 1.5, 1.5, 1.5, 1.5, 1.5, 1.5, 1.5, 1.5, 1.5, 1.5, 1.5,
		1.5, 1.5, 1.5, 1.5, 1.5, 1.5, 1.5, 2.0, 2.0, 2.0, 2.0, 2.0, 2.0, 2.0,
		2.0, 2.0, 2.0, 2.0, 2.0, 2.0, 2.0, 2.0, 2.0, 2.0, 2.0, 2.0, 2.0, 2.0,
		2.5, 2.5, 2.5, 2.5, 2.5, 2.5, 2.5, 2.5, 2.5, 2.5, 2.5, 2.5, 2.5, 2.5,
		2.5, 2.5, 2.5, 2.5, 2.5, 2.5, 2.5, 3.0, 3.0, 3.0, 3.0, 3.0, 3.0, 3.0,
		3.0, 3.0, 3.0, 3.0, 3.0, 3.0, 3.0, 3.0, 3.0, 3.0, 3.0, 3.0, 3.0, 3.0,
		3.5, 3.5, 3.5, 3.5, 3.5, 3.5, 3.5, 3.5, 3.5, 3.5, 3.5, 3.5, 3.5, 3.5,
		3.5, 3.5, 3.5, 3.5, 3.5, 3.5, 3.5, 4.0, 4.0, 4.0, 4.0, 4.0, 4.0, 4.0,
		4.0, 4.0, 4.0, 4.0, 4.0, 4.0, 4.0, 4.0, 4.0, 4.0, 4.0, 4.0, 4.0, 4.0,
		4.5, 4.5, 4.5, 4.5, 4.5, 4.5, 4.5, 4.5, 4.5, 4.5, 4.5, 4.5, 4.5, 4.5,
		4.5, 4.5, 4.5, 4.5, 4.5, 4.5, 4.5, 5.0, 5.0, 5.0, 5.0, 5.0, 5.0, 5.0,
		5.0, 5.0, 5.0, 5.0, 5.0, 5.0, 5.0, 5.0, 5.0, 5.0, 5.0, 5.0, 5.0, 5.0,
	],
	z: [
		0.00085, 0.0012, 0.00166, 0.00224, 0.00294, 0.00373, 0.00458, 0.00541,
		0.0061, 0.00657, 0.00674, 0.00657, 0.0061, 0.00541, 0.00458, 0.00373,
		0.00294, 0.00224, 0.00166, 0.0012, 0.00085, 0.0012, 0.00172, 0.00243,
		0.00334, 0.00448, 0.00581, 0.00727, 0.00871, 0.00995, 0.01081, 0.01111,
		0.01081, 0.00995, 0.00871, 0.00727, 0.00581, 0.00448, 0.00334, 0.00243,
		0.00172, 0.0012, 0.00166, 0.00243, 0.00349, 0.00492, 0.00674, 0.00894,
		0.01142, 0.01395, 0.01619, 0.01775, 0.01832, 0.01775, 0.01619, 0.01395,
		0.01142, 0.00894, 0.00674, 0.00492, 0.00349, 0.00243, 0.00166, 0.00224,
		0.00334, 0.00492, 0.00709, 0.00995, 0.01355, 0.01775, 0.0222, 0.02625,
		0.02914, 0.0302, 0.02914, 0.02625, 0.0222, 0.01775, 0.01355, 0.00995,
		0.00709, 0.00492, 0.00334, 0.00224, 0.00294, 0.00448, 0.00674, 0.00995,
		0.01437, 0.02014, 0.02717, 0.03494, 0.04233, 0.04777, 0.04979, 0.04777,
		0.04233, 0.03494, 0.02717, 0.02014, 0.01437, 0.00995, 0.00674, 0.00448,
		0.00294, 0.00373, 0.00581, 0.00894, 0.01355, 0.02014, 0.02914, 0.0407,
		0.05418, 0.06771, 0.07812, 0.08208, 0.07812, 0.06771, 0.05418, 0.0407,
		0.02914, 0.02014, 0.01355, 0.00894, 0.00581, 0.00373, 0.00458, 0.00727,
		0.01142, 0.01775, 0.02717, 0.0407, 0.05911, 0.08208, 0.10688, 0.12726,
		0.13534, 0.12726, 0.10688, 0.08208, 0.05911, 0.0407, 0.02717, 0.01775,
		0.01142, 0.00727, 0.00458, 0.00541, 0.00871, 0.01395, 0.0222, 0.03494,
		0.05418, 0.08208, 0.11987, 0.16484, 0.20574, 0.22313, 0.20574, 0.16484,
		0.11987, 0.08208, 0.05418, 0.03494, 0.0222, 0.01395, 0.00871, 0.00541,
		0.0061, 0.00995, 0.01619, 0.02625, 0.04233, 0.06771, 0.10688, 0.16484,
		0.24312, 0.32692, 0.36788, 0.32692, 0.24312, 0.16484, 0.10688, 0.06771,
		0.04233, 0.02625, 0.01619, 0.00995, 0.0061, 0.00657, 0.01081, 0.01775,
		0.02914, 0.04777, 0.07812, 0.12726, 0.20574, 0.32692, 0.49307, 0.60653,
		0.49307, 0.32692, 0.20574, 0.12726, 0.07812, 0.04777, 0.02914, 0.01775,
		0.01081, 0.00657, 0.00674, 0.01111, 0.01832, 0.0302, 0.04979, 0.08208,
		0.13534, 0.22313, 0.36788, 0.60653, 1.0, 0.60653, 0.36788, 0.22313,
		0.13534, 0.08208, 0.04979, 0.0302, 0.01832, 0.01111, 0.00674, 0.00657,
		0.01081, 0.01775, 0.02914, 0.04777, 0.07812, 0.12726, 0.20574, 0.32692,
		0.49307, 0.60653, 0.49307, 0.32692, 0.20574, 0.12726, 0.07812, 0.04777,
		0.02914, 0.01775, 0.01081, 0.00657, 0.0061, 0.00995, 0.01619, 0.02625,
		0.04233, 0.06771, 0.10688, 0.16484, 0.24312, 0.32692, 0.36788, 0.32692,
		0.24312, 0.16484, 0.10688, 0.06771, 0.04233, 0.02625, 0.01619, 0.00995,
		0.0061, 0.00541, 0.00871, 0.01395, 0.0222, 0.03494, 0.05418, 0.08208,
		0.11987, 0.16484, 0.20574, 0.22313, 0.20574, 0.16484, 0.11987, 0.08208,
		0.05418, 0.03494, 0.0222, 0.01395, 0.00871, 0.00541, 0.00458, 0.00727,
		0.01142, 0.01775, 0.02717, 0.0407, 0.05911, 0.08208, 0.10688, 0.12726,
		0.13534, 0.12726, 0.10688, 0.08208, 0.05911, 0.0407, 0.02717, 0.01775,
		0.01142, 0.00727, 0.00458, 0.00373, 0.00581, 0.00894, 0.01355, 0.02014,
		0.02914, 0.0407, 0.05418, 0.06771, 0.07812, 0.08208, 0.07812, 0.06771,
		0.05418, 0.0407, 0.02914, 0.02014, 0.01355, 0.00894, 0.00581, 0.00373,
		0.00294, 0.00448, 0.00674, 0.00995, 0.01437, 0.02014, 0.02717, 0.03494,
		0.04233, 0.04777, 0.04979, 0.04777, 0.04233, 0.03494, 0.02717, 0.02014,
		0.01437, 0.00995, 0.00674, 0.00448, 0.00294, 0.00224, 0.00334, 0.00492,
		0.00709, 0.00995, 0.01355, 0.01775, 0.0222, 0.02625, 0.02914, 0.0302,
		0.02914, 0.02625, 0.0222, 0.01775, 0.01355, 0.00995, 0.00709, 0.00492,
		0.00334, 0.00224, 0.00166, 0.00243, 0.00349, 0.00492, 0.00674, 0.00894,
		0.01142, 0.01395, 0.01619, 0.01775, 0.01832, 0.01775, 0.01619, 0.01395,
		0.01142, 0.00894, 0.00674, 0.00492, 0.00349, 0.00243, 0.00166, 0.0012,
		0.00172, 0.00243, 0.00334, 0.00448, 0.00581, 0.00727, 0.00871, 0.00995,
		0.01081, 0.01111, 0.01081, 0.00995, 0.00871, 0.00727, 0.00581, 0.00448,
		0.00334, 0.00243, 0.00172, 0.0012, 0.00085, 0.0012, 0.00166, 0.00224,
		0.00294, 0.00373, 0.00458, 0.00541, 0.0061, 0.00657, 0.00674, 0.00657,
		0.0061, 0.00541, 0.00458, 0.00373, 0.00294, 0.00224, 0.00166, 0.0012,
		0.00085,
	],
	intensity: [
		0.00085, 0.0012, 0.00166, 0.00224, 0.00294, 0.00373, 0.00458, 0.00541,
		0.0061, 0.00657, 0.00674, 0.00657, 0.0061, 0.00541, 0.00458, 0.00373,
		0.00294, 0.00224, 0.00166, 0.0012, 0.00085, 0.0012, 0.00172, 0.00243,
		0.00334, 0.00448, 0.00581, 0.00727, 0.00871, 0.00995, 0.01081, 0.01111,
		0.01081, 0.00995, 0.00871, 0.00727, 0.00581, 0.00448, 0.00334, 0.00243,
		0.00172, 0.0012, 0.00166, 0.00243, 0.00349, 0.00492, 0.00674, 0.00894,
		0.01142, 0.01395, 0.01619, 0.01775, 0.01832, 0.01775, 0.01619, 0.01395,
		0.01142, 0.00894, 0.00674, 0.00492, 0.00349, 0.00243, 0.00166, 0.00224,
		0.00334, 0.00492, 0.00709, 0.00995, 0.01355, 0.01775, 0.0222, 0.02625,
		0.02914, 0.0302, 0.02914, 0.02625, 0.0222, 0.01775, 0.01355, 0.00995,
		0.00709, 0.00492, 0.00334, 0.00224, 0.00294, 0.00448, 0.00674, 0.00995,
		0.01437, 0.02014, 0.02717, 0.03494, 0.04233, 0.04777, 0.04979, 0.04777,
		0.04233, 0.03494, 0.02717, 0.02014, 0.01437, 0.00995, 0.00674, 0.00448,
		0.00294, 0.00373, 0.00581, 0.00894, 0.01355, 0.02014, 0.02914, 0.0407,
		0.05418, 0.06771, 0.07812, 0.08208, 0.07812, 0.06771, 0.05418, 0.0407,
		0.02914, 0.02014, 0.01355, 0.00894, 0.00581, 0.00373, 0.00458, 0.00727,
		0.01142, 0.01775, 0.02717, 0.0407, 0.05911, 0.08208, 0.10688, 0.12726,
		0.13534, 0.12726, 0.10688, 0.08208, 0.05911, 0.0407, 0.02717, 0.01775,
		0.01142, 0.00727, 0.00458, 0.00541, 0.00871, 0.01395, 0.0222, 0.03494,
		0.05418, 0.08208, 0.11987, 0.16484, 0.20574, 0.22313, 0.20574, 0.16484,
		0.11987, 0.08208, 0.05418, 0.03494, 0.0222, 0.01395, 0.00871, 0.00541,
		0.0061, 0.00995, 0.01619, 0.02625, 0.04233, 0.06771, 0.10688, 0.16484,
		0.24312, 0.32692, 0.36788, 0.32692, 0.24312, 0.16484, 0.10688, 0.06771,
		0.04233, 0.02625, 0.01619, 0.00995, 0.0061, 0.00657, 0.01081, 0.01775,
		0.02914, 0.04777, 0.07812, 0.12726, 0.20574, 0.32692, 0.49307, 0.60653,
		0.49307, 0.32692, 0.20574, 0.12726, 0.07812, 0.04777, 0.02914, 0.01775,
		0.01081, 0.00657, 0.00674, 0.01111, 0.01832, 0.0302, 0.04979, 0.08208,
		0.13534, 0.22313, 0.36788, 0.60653, 1.0, 0.60653, 0.36788, 0.22313,
		0.13534, 0.08208, 0.04979, 0.0302, 0.01832, 0.01111, 0.00674, 0.00657,
		0.01081, 0.01775, 0.02914, 0.04777, 0.07812, 0.12726, 0.20574, 0.32692,
		0.49307, 0.60653, 0.49307, 0.32692, 0.20574, 0.12726, 0.07812, 0.04777,
		0.02914, 0.01775, 0.01081, 0.00657, 0.0061, 0.00995, 0.01619, 0.02625,
		0.04233, 0.06771, 0.10688, 0.16484, 0.24312, 0.32692, 0.36788, 0.32692,
		0.24312, 0.16484, 0.10688, 0.06771, 0.04233, 0.02625, 0.01619, 0.00995,
		0.0061, 0.00541, 0.00871, 0.01395, 0.0222, 0.03494, 0.05418, 0.08208,
		0.11987, 0.16484, 0.20574, 0.22313, 0.20574, 0.16484, 0.11987, 0.08208,
		0.05418, 0.03494, 0.0222, 0.01395, 0.00871, 0.00541, 0.00458, 0.00727,
		0.01142, 0.01775, 0.02717, 0.0407, 0.05911, 0.08208, 0.10688, 0.12726,
		0.13534, 0.12726, 0.10688, 0.08208, 0.05911, 0.0407, 0.02717, 0.01775,
		0.01142, 0.00727, 0.00458, 0.00373, 0.00581, 0.00894, 0.01355, 0.02014,
		0.02914, 0.0407, 0.05418, 0.06771, 0.07812, 0.08208, 0.07812, 0.06771,
		0.05418, 0.0407, 0.02914, 0.02014, 0.01355, 0.00894, 0.00581, 0.00373,
		0.00294, 0.00448, 0.00674, 0.00995, 0.01437, 0.02014, 0.02717, 0.03494,
		0.04233, 0.04777, 0.04979, 0.04777, 0.04233, 0.03494, 0.02717, 0.02014,
		0.01437, 0.00995, 0.00674, 0.00448, 0.00294, 0.00224, 0.00334, 0.00492,
		0.00709, 0.00995, 0.01355, 0.01775, 0.0222, 0.02625, 0.02914, 0.0302,
		0.02914, 0.02625, 0.0222, 0.01775, 0.01355, 0.00995, 0.00709, 0.00492,
		0.00334, 0.00224, 0.00166, 0.00243, 0.00349, 0.00492, 0.00674, 0.00894,
		0.01142, 0.01395, 0.01619, 0.01775, 0.01832, 0.01775, 0.01619, 0.01395,
		0.01142, 0.00894, 0.00674, 0.00492, 0.00349, 0.00243, 0.00166, 0.0012,
		0.00172, 0.00243, 0.00334, 0.00448, 0.00581, 0.00727, 0.00871, 0.00995,
		0.01081, 0.01111, 0.01081, 0.00995, 0.00871, 0.00727, 0.00581, 0.00448,
		0.00334, 0.00243, 0.00172, 0.0012, 0.00085, 0.0012, 0.00166, 0.00224,
		0.00294, 0.00373, 0.00458, 0.00541, 0.0061, 0.00657, 0.00674, 0.00657,
		0.0061, 0.00541, 0.00458, 0.00373, 0.00294, 0.00224, 0.00166, 0.0012,
		0.00085,
	],
};

const data_atenua_2 = {
	type: "mesh3d",
	colorscale: cmap,
	x: [
		-5.0, -4.5, -4.0, -3.5, -3.0, -2.5, -2.0, -1.5, -1.0, -0.5, 0.0, 0.5,
		1.0, 1.5, 2.0, 2.5, 3.0, 3.5, 4.0, 4.5, 5.0, -5.0, -4.5, -4.0, -3.5,
		-3.0, -2.5, -2.0, -1.5, -1.0, -0.5, 0.0, 0.5, 1.0, 1.5, 2.0, 2.5, 3.0,
		3.5, 4.0, 4.5, 5.0, -5.0, -4.5, -4.0, -3.5, -3.0, -2.5, -2.0, -1.5,
		-1.0, -0.5, 0.0, 0.5, 1.0, 1.5, 2.0, 2.5, 3.0, 3.5, 4.0, 4.5, 5.0, -5.0,
		-4.5, -4.0, -3.5, -3.0, -2.5, -2.0, -1.5, -1.0, -0.5, 0.0, 0.5, 1.0,
		1.5, 2.0, 2.5, 3.0, 3.5, 4.0, 4.5, 5.0, -5.0, -4.5, -4.0, -3.5, -3.0,
		-2.5, -2.0, -1.5, -1.0, -0.5, 0.0, 0.5, 1.0, 1.5, 2.0, 2.5, 3.0, 3.5,
		4.0, 4.5, 5.0, -5.0, -4.5, -4.0, -3.5, -3.0, -2.5, -2.0, -1.5, -1.0,
		-0.5, 0.0, 0.5, 1.0, 1.5, 2.0, 2.5, 3.0, 3.5, 4.0, 4.5, 5.0, -5.0, -4.5,
		-4.0, -3.5, -3.0, -2.5, -2.0, -1.5, -1.0, -0.5, 0.0, 0.5, 1.0, 1.5, 2.0,
		2.5, 3.0, 3.5, 4.0, 4.5, 5.0, -5.0, -4.5, -4.0, -3.5, -3.0, -2.5, -2.0,
		-1.5, -1.0, -0.5, 0.0, 0.5, 1.0, 1.5, 2.0, 2.5, 3.0, 3.5, 4.0, 4.5, 5.0,
		-5.0, -4.5, -4.0, -3.5, -3.0, -2.5, -2.0, -1.5, -1.0, -0.5, 0.0, 0.5,
		1.0, 1.5, 2.0, 2.5, 3.0, 3.5, 4.0, 4.5, 5.0, -5.0, -4.5, -4.0, -3.5,
		-3.0, -2.5, -2.0, -1.5, -1.0, -0.5, 0.0, 0.5, 1.0, 1.5, 2.0, 2.5, 3.0,
		3.5, 4.0, 4.5, 5.0, -5.0, -4.5, -4.0, -3.5, -3.0, -2.5, -2.0, -1.5,
		-1.0, -0.5, 0.0, 0.5, 1.0, 1.5, 2.0, 2.5, 3.0, 3.5, 4.0, 4.5, 5.0, -5.0,
		-4.5, -4.0, -3.5, -3.0, -2.5, -2.0, -1.5, -1.0, -0.5, 0.0, 0.5, 1.0,
		1.5, 2.0, 2.5, 3.0, 3.5, 4.0, 4.5, 5.0, -5.0, -4.5, -4.0, -3.5, -3.0,
		-2.5, -2.0, -1.5, -1.0, -0.5, 0.0, 0.5, 1.0, 1.5, 2.0, 2.5, 3.0, 3.5,
		4.0, 4.5, 5.0, -5.0, -4.5, -4.0, -3.5, -3.0, -2.5, -2.0, -1.5, -1.0,
		-0.5, 0.0, 0.5, 1.0, 1.5, 2.0, 2.5, 3.0, 3.5, 4.0, 4.5, 5.0, -5.0, -4.5,
		-4.0, -3.5, -3.0, -2.5, -2.0, -1.5, -1.0, -0.5, 0.0, 0.5, 1.0, 1.5, 2.0,
		2.5, 3.0, 3.5, 4.0, 4.5, 5.0, -5.0, -4.5, -4.0, -3.5, -3.0, -2.5, -2.0,
		-1.5, -1.0, -0.5, 0.0, 0.5, 1.0, 1.5, 2.0, 2.5, 3.0, 3.5, 4.0, 4.5, 5.0,
		-5.0, -4.5, -4.0, -3.5, -3.0, -2.5, -2.0, -1.5, -1.0, -0.5, 0.0, 0.5,
		1.0, 1.5, 2.0, 2.5, 3.0, 3.5, 4.0, 4.5, 5.0, -5.0, -4.5, -4.0, -3.5,
		-3.0, -2.5, -2.0, -1.5, -1.0, -0.5, 0.0, 0.5, 1.0, 1.5, 2.0, 2.5, 3.0,
		3.5, 4.0, 4.5, 5.0, -5.0, -4.5, -4.0, -3.5, -3.0, -2.5, -2.0, -1.5,
		-1.0, -0.5, 0.0, 0.5, 1.0, 1.5, 2.0, 2.5, 3.0, 3.5, 4.0, 4.5, 5.0, -5.0,
		-4.5, -4.0, -3.5, -3.0, -2.5, -2.0, -1.5, -1.0, -0.5, 0.0, 0.5, 1.0,
		1.5, 2.0, 2.5, 3.0, 3.5, 4.0, 4.5, 5.0, -5.0, -4.5, -4.0, -3.5, -3.0,
		-2.5, -2.0, -1.5, -1.0, -0.5, 0.0, 0.5, 1.0, 1.5, 2.0, 2.5, 3.0, 3.5,
		4.0, 4.5, 5.0,
	],
	y: [
		-5.0, -5.0, -5.0, -5.0, -5.0, -5.0, -5.0, -5.0, -5.0, -5.0, -5.0, -5.0,
		-5.0, -5.0, -5.0, -5.0, -5.0, -5.0, -5.0, -5.0, -5.0, -4.5, -4.5, -4.5,
		-4.5, -4.5, -4.5, -4.5, -4.5, -4.5, -4.5, -4.5, -4.5, -4.5, -4.5, -4.5,
		-4.5, -4.5, -4.5, -4.5, -4.5, -4.5, -4.0, -4.0, -4.0, -4.0, -4.0, -4.0,
		-4.0, -4.0, -4.0, -4.0, -4.0, -4.0, -4.0, -4.0, -4.0, -4.0, -4.0, -4.0,
		-4.0, -4.0, -4.0, -3.5, -3.5, -3.5, -3.5, -3.5, -3.5, -3.5, -3.5, -3.5,
		-3.5, -3.5, -3.5, -3.5, -3.5, -3.5, -3.5, -3.5, -3.5, -3.5, -3.5, -3.5,
		-3.0, -3.0, -3.0, -3.0, -3.0, -3.0, -3.0, -3.0, -3.0, -3.0, -3.0, -3.0,
		-3.0, -3.0, -3.0, -3.0, -3.0, -3.0, -3.0, -3.0, -3.0, -2.5, -2.5, -2.5,
		-2.5, -2.5, -2.5, -2.5, -2.5, -2.5, -2.5, -2.5, -2.5, -2.5, -2.5, -2.5,
		-2.5, -2.5, -2.5, -2.5, -2.5, -2.5, -2.0, -2.0, -2.0, -2.0, -2.0, -2.0,
		-2.0, -2.0, -2.0, -2.0, -2.0, -2.0, -2.0, -2.0, -2.0, -2.0, -2.0, -2.0,
		-2.0, -2.0, -2.0, -1.5, -1.5, -1.5, -1.5, -1.5, -1.5, -1.5, -1.5, -1.5,
		-1.5, -1.5, -1.5, -1.5, -1.5, -1.5, -1.5, -1.5, -1.5, -1.5, -1.5, -1.5,
		-1.0, -1.0, -1.0, -1.0, -1.0, -1.0, -1.0, -1.0, -1.0, -1.0, -1.0, -1.0,
		-1.0, -1.0, -1.0, -1.0, -1.0, -1.0, -1.0, -1.0, -1.0, -0.5, -0.5, -0.5,
		-0.5, -0.5, -0.5, -0.5, -0.5, -0.5, -0.5, -0.5, -0.5, -0.5, -0.5, -0.5,
		-0.5, -0.5, -0.5, -0.5, -0.5, -0.5, 0.0, 0.0, 0.0, 0.0, 0.0, 0.0, 0.0,
		0.0, 0.0, 0.0, 0.0, 0.0, 0.0, 0.0, 0.0, 0.0, 0.0, 0.0, 0.0, 0.0, 0.0,
		0.5, 0.5, 0.5, 0.5, 0.5, 0.5, 0.5, 0.5, 0.5, 0.5, 0.5, 0.5, 0.5, 0.5,
		0.5, 0.5, 0.5, 0.5, 0.5, 0.5, 0.5, 1.0, 1.0, 1.0, 1.0, 1.0, 1.0, 1.0,
		1.0, 1.0, 1.0, 1.0, 1.0, 1.0, 1.0, 1.0, 1.0, 1.0, 1.0, 1.0, 1.0, 1.0,
		1.5, 1.5, 1.5, 1.5, 1.5, 1.5, 1.5, 1.5, 1.5, 1.5, 1.5, 1.5, 1.5, 1.5,
		1.5, 1.5, 1.5, 1.5, 1.5, 1.5, 1.5, 2.0, 2.0, 2.0, 2.0, 2.0, 2.0, 2.0,
		2.0, 2.0, 2.0, 2.0, 2.0, 2.0, 2.0, 2.0, 2.0, 2.0, 2.0, 2.0, 2.0, 2.0,
		2.5, 2.5, 2.5, 2.5, 2.5, 2.5, 2.5, 2.5, 2.5, 2.5, 2.5, 2.5, 2.5, 2.5,
		2.5, 2.5, 2.5, 2.5, 2.5, 2.5, 2.5, 3.0, 3.0, 3.0, 3.0, 3.0, 3.0, 3.0,
		3.0, 3.0, 3.0, 3.0, 3.0, 3.0, 3.0, 3.0, 3.0, 3.0, 3.0, 3.0, 3.0, 3.0,
		3.5, 3.5, 3.5, 3.5, 3.5, 3.5, 3.5, 3.5, 3.5, 3.5, 3.5, 3.5, 3.5, 3.5,
		3.5, 3.5, 3.5, 3.5, 3.5, 3.5, 3.5, 4.0, 4.0, 4.0, 4.0, 4.0, 4.0, 4.0,
		4.0, 4.0, 4.0, 4.0, 4.0, 4.0, 4.0, 4.0, 4.0, 4.0, 4.0, 4.0, 4.0, 4.0,
		4.5, 4.5, 4.5, 4.5, 4.5, 4.5, 4.5, 4.5, 4.5, 4.5, 4.5, 4.5, 4.5, 4.5,
		4.5, 4.5, 4.5, 4.5, 4.5, 4.5, 4.5, 5.0, 5.0, 5.0, 5.0, 5.0, 5.0, 5.0,
		5.0, 5.0, 5.0, 5.0, 5.0, 5.0, 5.0, 5.0, 5.0, 5.0, 5.0, 5.0, 5.0, 5.0,
	],
	z: [
		-0.0, -0.0, -0.0, -0.0, -0.0, -0.0, -0.0, -0.0, -0.0, -0.0, 0.0, -0.0,
		-0.0, -0.0, -0.0, -0.0, -0.0, -0.0, -0.0, -0.0, -0.0, -0.0, -0.0, -0.0,
		-0.0, -0.0, -0.0, 0.01511, 0.05132, 0.07805, 0.09446, 0.1, 0.09446,
		0.07805, 0.05132, 0.01511, -0.0, -0.0, -0.0, -0.0, -0.0, -0.0, -0.0,
		-0.0, -0.0, -0.0, 0.0, 0.0566, 0.10557, 0.1456, 0.17538, 0.19377, 0.2,
		0.19377, 0.17538, 0.1456, 0.10557, 0.0566, 0.0, -0.0, -0.0, -0.0, -0.0,
		-0.0, -0.0, -0.0, 0.01005, 0.07805, 0.13977, 0.19377, 0.23842, 0.27199,
		0.29289, 0.3, 0.29289, 0.27199, 0.23842, 0.19377, 0.13977, 0.07805,
		0.01005, -0.0, -0.0, -0.0, -0.0, -0.0, 0.0, 0.07805, 0.15147, 0.21898,
		0.27889, 0.32918, 0.36754, 0.39172, 0.4, 0.39172, 0.36754, 0.32918,
		0.27889, 0.21898, 0.15147, 0.07805, 0.0, -0.0, -0.0, -0.0, -0.0, 0.0566,
		0.13977, 0.21898, 0.29289, 0.35969, 0.4169, 0.46148, 0.4901, 0.5,
		0.4901, 0.46148, 0.4169, 0.35969, 0.29289, 0.21898, 0.13977, 0.0566,
		-0.0, -0.0, -0.0, 0.01511, 0.10557, 0.19377, 0.27889, 0.35969, 0.43431,
		0.5, 0.55279, 0.58769, 0.6, 0.58769, 0.55279, 0.5, 0.43431, 0.35969,
		0.27889, 0.19377, 0.10557, 0.01511, -0.0, -0.0, 0.05132, 0.1456,
		0.23842, 0.32918, 0.4169, 0.5, 0.57574, 0.63944, 0.68377, 0.7, 0.68377,
		0.63944, 0.57574, 0.5, 0.4169, 0.32918, 0.23842, 0.1456, 0.05132, -0.0,
		-0.0, 0.07805, 0.17538, 0.27199, 0.36754, 0.46148, 0.55279, 0.63944,
		0.71716, 0.77639, 0.8, 0.77639, 0.71716, 0.63944, 0.55279, 0.46148,
		0.36754, 0.27199, 0.17538, 0.07805, -0.0, -0.0, 0.09446, 0.19377,
		0.29289, 0.39172, 0.4901, 0.58769, 0.68377, 0.77639, 0.85858, 0.9,
		0.85858, 0.77639, 0.68377, 0.58769, 0.4901, 0.39172, 0.29289, 0.19377,
		0.09446, -0.0, 0.0, 0.1, 0.2, 0.3, 0.4, 0.5, 0.6, 0.7, 0.8, 0.9, 1.0,
		0.9, 0.8, 0.7, 0.6, 0.5, 0.4, 0.3, 0.2, 0.1, 0.0, -0.0, 0.09446,
		0.19377, 0.29289, 0.39172, 0.4901, 0.58769, 0.68377, 0.77639, 0.85858,
		0.9, 0.85858, 0.77639, 0.68377, 0.58769, 0.4901, 0.39172, 0.29289,
		0.19377, 0.09446, -0.0, -0.0, 0.07805, 0.17538, 0.27199, 0.36754,
		0.46148, 0.55279, 0.63944, 0.71716, 0.77639, 0.8, 0.77639, 0.71716,
		0.63944, 0.55279, 0.46148, 0.36754, 0.27199, 0.17538, 0.07805, -0.0,
		-0.0, 0.05132, 0.1456, 0.23842, 0.32918, 0.4169, 0.5, 0.57574, 0.63944,
		0.68377, 0.7, 0.68377, 0.63944, 0.57574, 0.5, 0.4169, 0.32918, 0.23842,
		0.1456, 0.05132, -0.0, -0.0, 0.01511, 0.10557, 0.19377, 0.27889,
		0.35969, 0.43431, 0.5, 0.55279, 0.58769, 0.6, 0.58769, 0.55279, 0.5,
		0.43431, 0.35969, 0.27889, 0.19377, 0.10557, 0.01511, -0.0, -0.0, -0.0,
		0.0566, 0.13977, 0.21898, 0.29289, 0.35969, 0.4169, 0.46148, 0.4901,
		0.5, 0.4901, 0.46148, 0.4169, 0.35969, 0.29289, 0.21898, 0.13977,
		0.0566, -0.0, -0.0, -0.0, -0.0, 0.0, 0.07805, 0.15147, 0.21898, 0.27889,
		0.32918, 0.36754, 0.39172, 0.4, 0.39172, 0.36754, 0.32918, 0.27889,
		0.21898, 0.15147, 0.07805, 0.0, -0.0, -0.0, -0.0, -0.0, -0.0, 0.01005,
		0.07805, 0.13977, 0.19377, 0.23842, 0.27199, 0.29289, 0.3, 0.29289,
		0.27199, 0.23842, 0.19377, 0.13977, 0.07805, 0.01005, -0.0, -0.0, -0.0,
		-0.0, -0.0, -0.0, -0.0, 0.0, 0.0566, 0.10557, 0.1456, 0.17538, 0.19377,
		0.2, 0.19377, 0.17538, 0.1456, 0.10557, 0.0566, 0.0, -0.0, -0.0, -0.0,
		-0.0, -0.0, -0.0, -0.0, -0.0, -0.0, -0.0, 0.01511, 0.05132, 0.07805,
		0.09446, 0.1, 0.09446, 0.07805, 0.05132, 0.01511, -0.0, -0.0, -0.0,
		-0.0, -0.0, -0.0, -0.0, -0.0, -0.0, -0.0, -0.0, -0.0, -0.0, -0.0, -0.0,
		-0.0, 0.0, -0.0, -0.0, -0.0, -0.0, -0.0, -0.0, -0.0, -0.0, -0.0, -0.0,
	],
	intensity: [
		-0.0, -0.0, -0.0, -0.0, -0.0, -0.0, -0.0, -0.0, -0.0, -0.0, 0.0, -0.0,
		-0.0, -0.0, -0.0, -0.0, -0.0, -0.0, -0.0, -0.0, -0.0, -0.0, -0.0, -0.0,
		-0.0, -0.0, -0.0, 0.01511, 0.05132, 0.07805, 0.09446, 0.1, 0.09446,
		0.07805, 0.05132, 0.01511, -0.0, -0.0, -0.0, -0.0, -0.0, -0.0, -0.0,
		-0.0, -0.0, -0.0, 0.0, 0.0566, 0.10557, 0.1456, 0.17538, 0.19377, 0.2,
		0.19377, 0.17538, 0.1456, 0.10557, 0.0566, 0.0, -0.0, -0.0, -0.0, -0.0,
		-0.0, -0.0, -0.0, 0.01005, 0.07805, 0.13977, 0.19377, 0.23842, 0.27199,
		0.29289, 0.3, 0.29289, 0.27199, 0.23842, 0.19377, 0.13977, 0.07805,
		0.01005, -0.0, -0.0, -0.0, -0.0, -0.0, 0.0, 0.07805, 0.15147, 0.21898,
		0.27889, 0.32918, 0.36754, 0.39172, 0.4, 0.39172, 0.36754, 0.32918,
		0.27889, 0.21898, 0.15147, 0.07805, 0.0, -0.0, -0.0, -0.0, -0.0, 0.0566,
		0.13977, 0.21898, 0.29289, 0.35969, 0.4169, 0.46148, 0.4901, 0.5,
		0.4901, 0.46148, 0.4169, 0.35969, 0.29289, 0.21898, 0.13977, 0.0566,
		-0.0, -0.0, -0.0, 0.01511, 0.10557, 0.19377, 0.27889, 0.35969, 0.43431,
		0.5, 0.55279, 0.58769, 0.6, 0.58769, 0.55279, 0.5, 0.43431, 0.35969,
		0.27889, 0.19377, 0.10557, 0.01511, -0.0, -0.0, 0.05132, 0.1456,
		0.23842, 0.32918, 0.4169, 0.5, 0.57574, 0.63944, 0.68377, 0.7, 0.68377,
		0.63944, 0.57574, 0.5, 0.4169, 0.32918, 0.23842, 0.1456, 0.05132, -0.0,
		-0.0, 0.07805, 0.17538, 0.27199, 0.36754, 0.46148, 0.55279, 0.63944,
		0.71716, 0.77639, 0.8, 0.77639, 0.71716, 0.63944, 0.55279, 0.46148,
		0.36754, 0.27199, 0.17538, 0.07805, -0.0, -0.0, 0.09446, 0.19377,
		0.29289, 0.39172, 0.4901, 0.58769, 0.68377, 0.77639, 0.85858, 0.9,
		0.85858, 0.77639, 0.68377, 0.58769, 0.4901, 0.39172, 0.29289, 0.19377,
		0.09446, -0.0, 0.0, 0.1, 0.2, 0.3, 0.4, 0.5, 0.6, 0.7, 0.8, 0.9, 1.0,
		0.9, 0.8, 0.7, 0.6, 0.5, 0.4, 0.3, 0.2, 0.1, 0.0, -0.0, 0.09446,
		0.19377, 0.29289, 0.39172, 0.4901, 0.58769, 0.68377, 0.77639, 0.85858,
		0.9, 0.85858, 0.77639, 0.68377, 0.58769, 0.4901, 0.39172, 0.29289,
		0.19377, 0.09446, -0.0, -0.0, 0.07805, 0.17538, 0.27199, 0.36754,
		0.46148, 0.55279, 0.63944, 0.71716, 0.77639, 0.8, 0.77639, 0.71716,
		0.63944, 0.55279, 0.46148, 0.36754, 0.27199, 0.17538, 0.07805, -0.0,
		-0.0, 0.05132, 0.1456, 0.23842, 0.32918, 0.4169, 0.5, 0.57574, 0.63944,
		0.68377, 0.7, 0.68377, 0.63944, 0.57574, 0.5, 0.4169, 0.32918, 0.23842,
		0.1456, 0.05132, -0.0, -0.0, 0.01511, 0.10557, 0.19377, 0.27889,
		0.35969, 0.43431, 0.5, 0.55279, 0.58769, 0.6, 0.58769, 0.55279, 0.5,
		0.43431, 0.35969, 0.27889, 0.19377, 0.10557, 0.01511, -0.0, -0.0, -0.0,
		0.0566, 0.13977, 0.21898, 0.29289, 0.35969, 0.4169, 0.46148, 0.4901,
		0.5, 0.4901, 0.46148, 0.4169, 0.35969, 0.29289, 0.21898, 0.13977,
		0.0566, -0.0, -0.0, -0.0, -0.0, 0.0, 0.07805, 0.15147, 0.21898, 0.27889,
		0.32918, 0.36754, 0.39172, 0.4, 0.39172, 0.36754, 0.32918, 0.27889,
		0.21898, 0.15147, 0.07805, 0.0, -0.0, -0.0, -0.0, -0.0, -0.0, 0.01005,
		0.07805, 0.13977, 0.19377, 0.23842, 0.27199, 0.29289, 0.3, 0.29289,
		0.27199, 0.23842, 0.19377, 0.13977, 0.07805, 0.01005, -0.0, -0.0, -0.0,
		-0.0, -0.0, -0.0, -0.0, 0.0, 0.0566, 0.10557, 0.1456, 0.17538, 0.19377,
		0.2, 0.19377, 0.17538, 0.1456, 0.10557, 0.0566, 0.0, -0.0, -0.0, -0.0,
		-0.0, -0.0, -0.0, -0.0, -0.0, -0.0, -0.0, 0.01511, 0.05132, 0.07805,
		0.09446, 0.1, 0.09446, 0.07805, 0.05132, 0.01511, -0.0, -0.0, -0.0,
		-0.0, -0.0, -0.0, -0.0, -0.0, -0.0, -0.0, -0.0, -0.0, -0.0, -0.0, -0.0,
		-0.0, 0.0, -0.0, -0.0, -0.0, -0.0, -0.0, -0.0, -0.0, -0.0, -0.0, -0.0,
	],
};
const data_atenua_3 = {
	type: "mesh3d",
	colorscale: cmap,
	x: [
		-5.0, -4.5, -4.0, -3.5, -3.0, -2.5, -2.0, -1.5, -1.0, -0.5, 0.0, 0.5,
		1.0, 1.5, 2.0, 2.5, 3.0, 3.5, 4.0, 4.5, 5.0, -5.0, -4.5, -4.0, -3.5,
		-3.0, -2.5, -2.0, -1.5, -1.0, -0.5, 0.0, 0.5, 1.0, 1.5, 2.0, 2.5, 3.0,
		3.5, 4.0, 4.5, 5.0, -5.0, -4.5, -4.0, -3.5, -3.0, -2.5, -2.0, -1.5,
		-1.0, -0.5, 0.0, 0.5, 1.0, 1.5, 2.0, 2.5, 3.0, 3.5, 4.0, 4.5, 5.0, -5.0,
		-4.5, -4.0, -3.5, -3.0, -2.5, -2.0, -1.5, -1.0, -0.5, 0.0, 0.5, 1.0,
		1.5, 2.0, 2.5, 3.0, 3.5, 4.0, 4.5, 5.0, -5.0, -4.5, -4.0, -3.5, -3.0,
		-2.5, -2.0, -1.5, -1.0, -0.5, 0.0, 0.5, 1.0, 1.5, 2.0, 2.5, 3.0, 3.5,
		4.0, 4.5, 5.0, -5.0, -4.5, -4.0, -3.5, -3.0, -2.5, -2.0, -1.5, -1.0,
		-0.5, 0.0, 0.5, 1.0, 1.5, 2.0, 2.5, 3.0, 3.5, 4.0, 4.5, 5.0, -5.0, -4.5,
		-4.0, -3.5, -3.0, -2.5, -2.0, -1.5, -1.0, -0.5, 0.0, 0.5, 1.0, 1.5, 2.0,
		2.5, 3.0, 3.5, 4.0, 4.5, 5.0, -5.0, -4.5, -4.0, -3.5, -3.0, -2.5, -2.0,
		-1.5, -1.0, -0.5, 0.0, 0.5, 1.0, 1.5, 2.0, 2.5, 3.0, 3.5, 4.0, 4.5, 5.0,
		-5.0, -4.5, -4.0, -3.5, -3.0, -2.5, -2.0, -1.5, -1.0, -0.5, 0.0, 0.5,
		1.0, 1.5, 2.0, 2.5, 3.0, 3.5, 4.0, 4.5, 5.0, -5.0, -4.5, -4.0, -3.5,
		-3.0, -2.5, -2.0, -1.5, -1.0, -0.5, 0.0, 0.5, 1.0, 1.5, 2.0, 2.5, 3.0,
		3.5, 4.0, 4.5, 5.0, -5.0, -4.5, -4.0, -3.5, -3.0, -2.5, -2.0, -1.5,
		-1.0, -0.5, 0.0, 0.5, 1.0, 1.5, 2.0, 2.5, 3.0, 3.5, 4.0, 4.5, 5.0, -5.0,
		-4.5, -4.0, -3.5, -3.0, -2.5, -2.0, -1.5, -1.0, -0.5, 0.0, 0.5, 1.0,
		1.5, 2.0, 2.5, 3.0, 3.5, 4.0, 4.5, 5.0, -5.0, -4.5, -4.0, -3.5, -3.0,
		-2.5, -2.0, -1.5, -1.0, -0.5, 0.0, 0.5, 1.0, 1.5, 2.0, 2.5, 3.0, 3.5,
		4.0, 4.5, 5.0, -5.0, -4.5, -4.0, -3.5, -3.0, -2.5, -2.0, -1.5, -1.0,
		-0.5, 0.0, 0.5, 1.0, 1.5, 2.0, 2.5, 3.0, 3.5, 4.0, 4.5, 5.0, -5.0, -4.5,
		-4.0, -3.5, -3.0, -2.5, -2.0, -1.5, -1.0, -0.5, 0.0, 0.5, 1.0, 1.5, 2.0,
		2.5, 3.0, 3.5, 4.0, 4.5, 5.0, -5.0, -4.5, -4.0, -3.5, -3.0, -2.5, -2.0,
		-1.5, -1.0, -0.5, 0.0, 0.5, 1.0, 1.5, 2.0, 2.5, 3.0, 3.5, 4.0, 4.5, 5.0,
		-5.0, -4.5, -4.0, -3.5, -3.0, -2.5, -2.0, -1.5, -1.0, -0.5, 0.0, 0.5,
		1.0, 1.5, 2.0, 2.5, 3.0, 3.5, 4.0, 4.5, 5.0, -5.0, -4.5, -4.0, -3.5,
		-3.0, -2.5, -2.0, -1.5, -1.0, -0.5, 0.0, 0.5, 1.0, 1.5, 2.0, 2.5, 3.0,
		3.5, 4.0, 4.5, 5.0, -5.0, -4.5, -4.0, -3.5, -3.0, -2.5, -2.0, -1.5,
		-1.0, -0.5, 0.0, 0.5, 1.0, 1.5, 2.0, 2.5, 3.0, 3.5, 4.0, 4.5, 5.0, -5.0,
		-4.5, -4.0, -3.5, -3.0, -2.5, -2.0, -1.5, -1.0, -0.5, 0.0, 0.5, 1.0,
		1.5, 2.0, 2.5, 3.0, 3.5, 4.0, 4.5, 5.0, -5.0, -4.5, -4.0, -3.5, -3.0,
		-2.5, -2.0, -1.5, -1.0, -0.5, 0.0, 0.5, 1.0, 1.5, 2.0, 2.5, 3.0, 3.5,
		4.0, 4.5, 5.0,
	],
	y: [
		-5.0, -5.0, -5.0, -5.0, -5.0, -5.0, -5.0, -5.0, -5.0, -5.0, -5.0, -5.0,
		-5.0, -5.0, -5.0, -5.0, -5.0, -5.0, -5.0, -5.0, -5.0, -4.5, -4.5, -4.5,
		-4.5, -4.5, -4.5, -4.5, -4.5, -4.5, -4.5, -4.5, -4.5, -4.5, -4.5, -4.5,
		-4.5, -4.5, -4.5, -4.5, -4.5, -4.5, -4.0, -4.0, -4.0, -4.0, -4.0, -4.0,
		-4.0, -4.0, -4.0, -4.0, -4.0, -4.0, -4.0, -4.0, -4.0, -4.0, -4.0, -4.0,
		-4.0, -4.0, -4.0, -3.5, -3.5, -3.5, -3.5, -3.5, -3.5, -3.5, -3.5, -3.5,
		-3.5, -3.5, -3.5, -3.5, -3.5, -3.5, -3.5, -3.5, -3.5, -3.5, -3.5, -3.5,
		-3.0, -3.0, -3.0, -3.0, -3.0, -3.0, -3.0, -3.0, -3.0, -3.0, -3.0, -3.0,
		-3.0, -3.0, -3.0, -3.0, -3.0, -3.0, -3.0, -3.0, -3.0, -2.5, -2.5, -2.5,
		-2.5, -2.5, -2.5, -2.5, -2.5, -2.5, -2.5, -2.5, -2.5, -2.5, -2.5, -2.5,
		-2.5, -2.5, -2.5, -2.5, -2.5, -2.5, -2.0, -2.0, -2.0, -2.0, -2.0, -2.0,
		-2.0, -2.0, -2.0, -2.0, -2.0, -2.0, -2.0, -2.0, -2.0, -2.0, -2.0, -2.0,
		-2.0, -2.0, -2.0, -1.5, -1.5, -1.5, -1.5, -1.5, -1.5, -1.5, -1.5, -1.5,
		-1.5, -1.5, -1.5, -1.5, -1.5, -1.5, -1.5, -1.5, -1.5, -1.5, -1.5, -1.5,
		-1.0, -1.0, -1.0, -1.0, -1.0, -1.0, -1.0, -1.0, -1.0, -1.0, -1.0, -1.0,
		-1.0, -1.0, -1.0, -1.0, -1.0, -1.0, -1.0, -1.0, -1.0, -0.5, -0.5, -0.5,
		-0.5, -0.5, -0.5, -0.5, -0.5, -0.5, -0.5, -0.5, -0.5, -0.5, -0.5, -0.5,
		-0.5, -0.5, -0.5, -0.5, -0.5, -0.5, 0.0, 0.0, 0.0, 0.0, 0.0, 0.0, 0.0,
		0.0, 0.0, 0.0, 0.0, 0.0, 0.0, 0.0, 0.0, 0.0, 0.0, 0.0, 0.0, 0.0, 0.0,
		0.5, 0.5, 0.5, 0.5, 0.5, 0.5, 0.5, 0.5, 0.5, 0.5, 0.5, 0.5, 0.5, 0.5,
		0.5, 0.5, 0.5, 0.5, 0.5, 0.5, 0.5, 1.0, 1.0, 1.0, 1.0, 1.0, 1.0, 1.0,
		1.0, 1.0, 1.0, 1.0, 1.0, 1.0, 1.0, 1.0, 1.0, 1.0, 1.0, 1.0, 1.0, 1.0,
		1.5, 1.5, 1.5, 1.5, 1.5, 1.5, 1.5, 1.5, 1.5, 1.5, 1.5, 1.5, 1.5, 1.5,
		1.5, 1.5, 1.5, 1.5, 1.5, 1.5, 1.5, 2.0, 2.0, 2.0, 2.0, 2.0, 2.0, 2.0,
		2.0, 2.0, 2.0, 2.0, 2.0, 2.0, 2.0, 2.0, 2.0, 2.0, 2.0, 2.0, 2.0, 2.0,
		2.5, 2.5, 2.5, 2.5, 2.5, 2.5, 2.5, 2.5, 2.5, 2.5, 2.5, 2.5, 2.5, 2.5,
		2.5, 2.5, 2.5, 2.5, 2.5, 2.5, 2.5, 3.0, 3.0, 3.0, 3.0, 3.0, 3.0, 3.0,
		3.0, 3.0, 3.0, 3.0, 3.0, 3.0, 3.0, 3.0, 3.0, 3.0, 3.0, 3.0, 3.0, 3.0,
		3.5, 3.5, 3.5, 3.5, 3.5, 3.5, 3.5, 3.5, 3.5, 3.5, 3.5, 3.5, 3.5, 3.5,
		3.5, 3.5, 3.5, 3.5, 3.5, 3.5, 3.5, 4.0, 4.0, 4.0, 4.0, 4.0, 4.0, 4.0,
		4.0, 4.0, 4.0, 4.0, 4.0, 4.0, 4.0, 4.0, 4.0, 4.0, 4.0, 4.0, 4.0, 4.0,
		4.5, 4.5, 4.5, 4.5, 4.5, 4.5, 4.5, 4.5, 4.5, 4.5, 4.5, 4.5, 4.5, 4.5,
		4.5, 4.5, 4.5, 4.5, 4.5, 4.5, 4.5, 5.0, 5.0, 5.0, 5.0, 5.0, 5.0, 5.0,
		5.0, 5.0, 5.0, 5.0, 5.0, 5.0, 5.0, 5.0, 5.0, 5.0, 5.0, 5.0, 5.0, 5.0,
	],
	z: [
		-0.0, -0.0, -0.0, -0.0, -0.0, -0.0, -0.0, -0.0, -0.0, -0.0, 0.0, -0.0,
		-0.0, -0.0, -0.0, -0.0, -0.0, -0.0, -0.0, -0.0, -0.0, -0.0, -0.0, -0.0,
		-0.0, -0.0, -0.0, 0.03, 0.1, 0.15, 0.18, 0.19, 0.18, 0.15, 0.1, 0.03,
		-0.0, -0.0, -0.0, -0.0, -0.0, -0.0, -0.0, -0.0, -0.0, -0.0, 0.0, 0.11,
		0.2, 0.27, 0.32, 0.35, 0.36, 0.35, 0.32, 0.27, 0.2, 0.11, 0.0, -0.0,
		-0.0, -0.0, -0.0, -0.0, -0.0, -0.0, 0.02, 0.15, 0.26, 0.35, 0.42, 0.47,
		0.5, 0.51, 0.5, 0.47, 0.42, 0.35, 0.26, 0.15, 0.02, -0.0, -0.0, -0.0,
		-0.0, -0.0, 0.0, 0.15, 0.28, 0.39, 0.48, 0.55, 0.6, 0.63, 0.64, 0.63,
		0.6, 0.55, 0.48, 0.39, 0.28, 0.15, 0.0, -0.0, -0.0, -0.0, -0.0, 0.11,
		0.26, 0.39, 0.5, 0.59, 0.66, 0.71, 0.74, 0.75, 0.74, 0.71, 0.66, 0.59,
		0.5, 0.39, 0.26, 0.11, -0.0, -0.0, -0.0, 0.03, 0.2, 0.35, 0.48, 0.59,
		0.68, 0.75, 0.8, 0.83, 0.84, 0.83, 0.8, 0.75, 0.68, 0.59, 0.48, 0.35,
		0.2, 0.03, -0.0, -0.0, 0.1, 0.27, 0.42, 0.55, 0.66, 0.75, 0.82, 0.87,
		0.9, 0.91, 0.9, 0.87, 0.82, 0.75, 0.66, 0.55, 0.42, 0.27, 0.1, -0.0,
		-0.0, 0.15, 0.32, 0.47, 0.6, 0.71, 0.8, 0.87, 0.92, 0.95, 0.96, 0.95,
		0.92, 0.87, 0.8, 0.71, 0.6, 0.47, 0.32, 0.15, -0.0, -0.0, 0.18, 0.35,
		0.5, 0.63, 0.74, 0.83, 0.9, 0.95, 0.98, 0.99, 0.98, 0.95, 0.9, 0.83,
		0.74, 0.63, 0.5, 0.35, 0.18, -0.0, 0.0, 0.19, 0.36, 0.51, 0.64, 0.75,
		0.84, 0.91, 0.96, 0.99, 1.0, 0.99, 0.96, 0.91, 0.84, 0.75, 0.64, 0.51,
		0.36, 0.19, 0.0, -0.0, 0.18, 0.35, 0.5, 0.63, 0.74, 0.83, 0.9, 0.95,
		0.98, 0.99, 0.98, 0.95, 0.9, 0.83, 0.74, 0.63, 0.5, 0.35, 0.18, -0.0,
		-0.0, 0.15, 0.32, 0.47, 0.6, 0.71, 0.8, 0.87, 0.92, 0.95, 0.96, 0.95,
		0.92, 0.87, 0.8, 0.71, 0.6, 0.47, 0.32, 0.15, -0.0, -0.0, 0.1, 0.27,
		0.42, 0.55, 0.66, 0.75, 0.82, 0.87, 0.9, 0.91, 0.9, 0.87, 0.82, 0.75,
		0.66, 0.55, 0.42, 0.27, 0.1, -0.0, -0.0, 0.03, 0.2, 0.35, 0.48, 0.59,
		0.68, 0.75, 0.8, 0.83, 0.84, 0.83, 0.8, 0.75, 0.68, 0.59, 0.48, 0.35,
		0.2, 0.03, -0.0, -0.0, -0.0, 0.11, 0.26, 0.39, 0.5, 0.59, 0.66, 0.71,
		0.74, 0.75, 0.74, 0.71, 0.66, 0.59, 0.5, 0.39, 0.26, 0.11, -0.0, -0.0,
		-0.0, -0.0, 0.0, 0.15, 0.28, 0.39, 0.48, 0.55, 0.6, 0.63, 0.64, 0.63,
		0.6, 0.55, 0.48, 0.39, 0.28, 0.15, 0.0, -0.0, -0.0, -0.0, -0.0, -0.0,
		0.02, 0.15, 0.26, 0.35, 0.42, 0.47, 0.5, 0.51, 0.5, 0.47, 0.42, 0.35,
		0.26, 0.15, 0.02, -0.0, -0.0, -0.0, -0.0, -0.0, -0.0, -0.0, 0.0, 0.11,
		0.2, 0.27, 0.32, 0.35, 0.36, 0.35, 0.32, 0.27, 0.2, 0.11, 0.0, -0.0,
		-0.0, -0.0, -0.0, -0.0, -0.0, -0.0, -0.0, -0.0, -0.0, 0.03, 0.1, 0.15,
		0.18, 0.19, 0.18, 0.15, 0.1, 0.03, -0.0, -0.0, -0.0, -0.0, -0.0, -0.0,
		-0.0, -0.0, -0.0, -0.0, -0.0, -0.0, -0.0, -0.0, -0.0, -0.0, 0.0, -0.0,
		-0.0, -0.0, -0.0, -0.0, -0.0, -0.0, -0.0, -0.0, -0.0,
	],
	intensity: [
		-0.0, -0.0, -0.0, -0.0, -0.0, -0.0, -0.0, -0.0, -0.0, -0.0, 0.0, -0.0,
		-0.0, -0.0, -0.0, -0.0, -0.0, -0.0, -0.0, -0.0, -0.0, -0.0, -0.0, -0.0,
		-0.0, -0.0, -0.0, 0.03, 0.1, 0.15, 0.18, 0.19, 0.18, 0.15, 0.1, 0.03,
		-0.0, -0.0, -0.0, -0.0, -0.0, -0.0, -0.0, -0.0, -0.0, -0.0, 0.0, 0.11,
		0.2, 0.27, 0.32, 0.35, 0.36, 0.35, 0.32, 0.27, 0.2, 0.11, 0.0, -0.0,
		-0.0, -0.0, -0.0, -0.0, -0.0, -0.0, 0.02, 0.15, 0.26, 0.35, 0.42, 0.47,
		0.5, 0.51, 0.5, 0.47, 0.42, 0.35, 0.26, 0.15, 0.02, -0.0, -0.0, -0.0,
		-0.0, -0.0, 0.0, 0.15, 0.28, 0.39, 0.48, 0.55, 0.6, 0.63, 0.64, 0.63,
		0.6, 0.55, 0.48, 0.39, 0.28, 0.15, 0.0, -0.0, -0.0, -0.0, -0.0, 0.11,
		0.26, 0.39, 0.5, 0.59, 0.66, 0.71, 0.74, 0.75, 0.74, 0.71, 0.66, 0.59,
		0.5, 0.39, 0.26, 0.11, -0.0, -0.0, -0.0, 0.03, 0.2, 0.35, 0.48, 0.59,
		0.68, 0.75, 0.8, 0.83, 0.84, 0.83, 0.8, 0.75, 0.68, 0.59, 0.48, 0.35,
		0.2, 0.03, -0.0, -0.0, 0.1, 0.27, 0.42, 0.55, 0.66, 0.75, 0.82, 0.87,
		0.9, 0.91, 0.9, 0.87, 0.82, 0.75, 0.66, 0.55, 0.42, 0.27, 0.1, -0.0,
		-0.0, 0.15, 0.32, 0.47, 0.6, 0.71, 0.8, 0.87, 0.92, 0.95, 0.96, 0.95,
		0.92, 0.87, 0.8, 0.71, 0.6, 0.47, 0.32, 0.15, -0.0, -0.0, 0.18, 0.35,
		0.5, 0.63, 0.74, 0.83, 0.9, 0.95, 0.98, 0.99, 0.98, 0.95, 0.9, 0.83,
		0.74, 0.63, 0.5, 0.35, 0.18, -0.0, 0.0, 0.19, 0.36, 0.51, 0.64, 0.75,
		0.84, 0.91, 0.96, 0.99, 1.0, 0.99, 0.96, 0.91, 0.84, 0.75, 0.64, 0.51,
		0.36, 0.19, 0.0, -0.0, 0.18, 0.35, 0.5, 0.63, 0.74, 0.83, 0.9, 0.95,
		0.98, 0.99, 0.98, 0.95, 0.9, 0.83, 0.74, 0.63, 0.5, 0.35, 0.18, -0.0,
		-0.0, 0.15, 0.32, 0.47, 0.6, 0.71, 0.8, 0.87, 0.92, 0.95, 0.96, 0.95,
		0.92, 0.87, 0.8, 0.71, 0.6, 0.47, 0.32, 0.15, -0.0, -0.0, 0.1, 0.27,
		0.42, 0.55, 0.66, 0.75, 0.82, 0.87, 0.9, 0.91, 0.9, 0.87, 0.82, 0.75,
		0.66, 0.55, 0.42, 0.27, 0.1, -0.0, -0.0, 0.03, 0.2, 0.35, 0.48, 0.59,
		0.68, 0.75, 0.8, 0.83, 0.84, 0.83, 0.8, 0.75, 0.68, 0.59, 0.48, 0.35,
		0.2, 0.03, -0.0, -0.0, -0.0, 0.11, 0.26, 0.39, 0.5, 0.59, 0.66, 0.71,
		0.74, 0.75, 0.74, 0.71, 0.66, 0.59, 0.5, 0.39, 0.26, 0.11, -0.0, -0.0,
		-0.0, -0.0, 0.0, 0.15, 0.28, 0.39, 0.48, 0.55, 0.6, 0.63, 0.64, 0.63,
		0.6, 0.55, 0.48, 0.39, 0.28, 0.15, 0.0, -0.0, -0.0, -0.0, -0.0, -0.0,
		0.02, 0.15, 0.26, 0.35, 0.42, 0.47, 0.5, 0.51, 0.5, 0.47, 0.42, 0.35,
		0.26, 0.15, 0.02, -0.0, -0.0, -0.0, -0.0, -0.0, -0.0, -0.0, 0.0, 0.11,
		0.2, 0.27, 0.32, 0.35, 0.36, 0.35, 0.32, 0.27, 0.2, 0.11, 0.0, -0.0,
		-0.0, -0.0, -0.0, -0.0, -0.0, -0.0, -0.0, -0.0, -0.0, 0.03, 0.1, 0.15,
		0.18, 0.19, 0.18, 0.15, 0.1, 0.03, -0.0, -0.0, -0.0, -0.0, -0.0, -0.0,
		-0.0, -0.0, -0.0, -0.0, -0.0, -0.0, -0.0, -0.0, -0.0, -0.0, 0.0, -0.0,
		-0.0, -0.0, -0.0, -0.0, -0.0, -0.0, -0.0, -0.0, -0.0,
	],
};

const data_resultados_1 = [
	{
		type: "lines",
		x: [
			0.008059958, 0.016119915, 0.03223983, 0.062277527, 0.078879991,
			0.107473265, 0.168512597,
		],
		y: [
			1.708610266, 1.687043936, 1.639099303, 1.55190175, 1.505339596,
			1.439068439, 1.352192685,
		],
		name: "Si",
		line: { shape: "spline", color: "#dc2c41" },
	},
	{
		type: "lines",
		x: [
			0.008059958, 0.016119915, 0.03223983, 0.062277527, 0.078879991,
			0.107473265, 0.168512597,
		],
		y: [
			1.708224011, 1.67788427, 1.640829469, 1.551334046, 1.504764992,
			1.438544474, 1.351713789,
		],
		name: "C",
		line: { shape: "spline", color: "black" },
	},
	{
		type: "lines",
		x: [
			0.008059958, 0.016119915, 0.03223983, 0.078879991, 0.107473265,
			0.168512597,
		],
		y: [
			1.708571976, 1.678256832, 1.641270946, 1.505255822, 1.441538145,
			1.358465777,
		],
		name: "Ge",
		line: { shape: "spline", color: "#8c8c8c" },
	},
	{
		mode: "lines",
		x: [0.008059958, 0.168512597],
		y: [1.775616523, 1.775616523],
		name: "Local",
		line: { shape: "spline", color: "gray", dash: "dash" },
	},
];

const data_resultados_2 = [
	{
		type: "lines",
		x: [
			0.008059958, 0.016119915, 0.03223983, 0.062277527, 0.078879991,
			0.107473265, 0.168512597, 0.253378104,
		],
		y: [
			1.708224011, 1.67788427, 1.640829469, 1.551334046, 1.504764992,
			1.438544474, 1.351713789, 1.308241897,
		],
		name: "No local",
		line: { shape: "spline", color: "#dc2c41" },
	},
	{
		mode: "lines",
		x: [
			0.008059958, 0.016119915, 0.03223983, 0.062277527, 0.078879991,
			0.107473265, 0.168512597, 0.253378104,
		],
		y: [
			1.775616523, 1.775616523, 1.775616523, 1.775616523, 1.775616523,
			1.775616523, 1.775616523, 1.775616523,
		],
		name: "Local",
		line: { shape: "spline", color: "black", dash: "dash" },
	},
	{
		type: "lines",
		x: [0.09397463, 0.118498943, 0.161627907, 0.253382664],
		y: [1.464757709, 1.416299559, 1.323788546, 1.015418502],
		name: "Ramirez (2006)",
		line: { shape: "spline", color: "#8c8c8c" },
	},
	{
		mode: "lines",
		x: [
			0.00001, 0.0001, 0.0005, 0.00075, 0.001, 0.01, 0.02, 0.03, 0.07,
			0.09, 0.15, 0.2,
		],
		y: [
			1.728727324, 1.728471896, 1.727336661, 1.726627138, 1.725917616,
			1.700374815, 1.671993925, 1.643613035, 1.530089474, 1.473327694,
			1.303042353, 1.161137902,
		],

		name: "Ajuste lineal",
		line: { shape: "spline", color: "#8c8c8c", dash: "dash" },
	},
];

const data_resultados_3 = [
	{
		mode: "markers",
		x: [
			0.64, 0.978665101, 1.200080005, 1.672590424, 0.36, 0.2, 2.090738031,
			1.333422228, 0.772678102, 0.32, 0.293605277, 1.400112009,
			0.927220887, 1.02761847,
		],
		y: [
			0.163854179, 11.7696193, 15.28335007, 15.96660176, 0.926659534,
			0.226584675, 26.9367296, 18.6262577, 7.675771, 0.578404053,
			0.985252638, 13.21251782, 14.94388027, 18.12613338,
		],

		name: "No local",
	},
];

